### AiLife
good seeds: -1517918040 1968097058 875635521 1489956094 -1643623517

### Beer
# wrapping
034 221 126 248 082 073 062 124 073 187 061 171 016 095 138 102 030 121 021 097 014 236 085 146 082 205 107 231 160 184 048 235 026 015 152 103 213 222 177 182 071 218 200 053 144 027 162 139 120 180 213 216 016 244 053 252 074 178 064 005 > 70
126 105 239 062 133 031 166 053 204 189 045 036 136 250 223 023 009 049 067 203 133 125 055 209 092 103 107 225 176 240 163 235 025 078 145 247 227 212 209 175 123 146 202 049 132 025 172 169 061 150 222 216 009 244 085 037 208 053 220 000 > 69
214 193 202 018 012 020 150 148 124 090 136 200 121 142 237 087 156 185 119 224 004 209 082 059 125 087 106 237 160 178 163 235 024 026 152 237 208 182 177 166 081 215 234 085 144 032 164 139 125 140 221 209 000 244 053 059 066 051 212 005 > 64
127 221 052 085 145 192 177 084 035 055 071 115 079 200 121 065 074 183 054 132 016 184 093 159 012 042 236 058 216 124 100 225 189 170 067 173 247 252 065 081 171 056 018 127 024 196 123 046 226 230 233 223 000 132 186 208 040 188 220 133 > 69
172 192 227 057 041 225 189 034 180 041 191 179 227 170 220 112 163 127 017 231 103 208 185 052 239 170 067 136 243 203 019 243 246 052 157 239 046 180 248 152 050 084 182 182 228 186 180 161 128 217 237 137 102 004 013 034 098 115 195 027 > 73

# no-wrap
best so far
215 241 104 051 050 108 197 094 223 188 109 249 222 025 145 237 086 188 225 027 209 195 034 024 244 192 000 151 207 235 202 183 002 152 > 25
026 042 023 063 249 223 232 026 187 171 240 120 235 239 253 170 137 118 238 139 005 149 192 127 034 240 066 034 204 155 019 016 016 179 > 36
catches all
255 160 004 022 137 134 045 075 245 196 145 043 101 090 009 146 020 029 196 061 196 199 095 124 212 031 069 148 233 138 135 157 234 133 117 082 009 217 057 094 253 127 197 095 076 112 218 070 106 240 080 075 250 104 188 214 052 245 060 163 174 102 174 027 087 135 038 253

# pulls
its pretty damn good!
140 164 059 209 195 061 067 022 120 239 008 191 176 036 013 157 225 203 089 199 029 249 036 242 051 150 102 015 171 122 007 061 187 255 150 036 > 33
it pulls then moves 4 steps lol
045 143 161 071 165 242 047 052 002 064 030 240 248 225 251 205 129 237 106 028 010 212 241 106 009 225 059 083 255 241 096 150 131 070 082 153 > 53
pretty good, it at least /tries/ to not crash
003 179 222 072 190 119 093 001 058 094 134 231 239 221 103 157 102 247 194 198 014 155 225 002 162 231 008 172 126 114 010 106 040 081 002 012 > 42